
108 002 102 005 102 001 108 002 102 004 102
102 005 102 001 102 005 102 001 102 005 102 002 102 002 102
102 005 102 001 102 005 102 001 102 005 102 003 104
108 002 102 005 102 001 108 005 102
102 003 102 003 102 005 102 001 102 005 102 004 102
102 004 102 002 102 005 102 001 102 005 102 004 102
102 005 102 002 107 002 108 005 102

108 003 107 003 106 002 102 004 102 002 106 005 104
102 005 102 001 102 005 102 001 102 004 102 001 102 003 102 002 102 004 102 004 104
102 005 102 001 102 005 102 001 102 007 102 002 102 003 102 010 104
108 002 102 005 102 001 102 007 105 005 106 006 102
102 003 102 003 102 005 102 001 102 007 102 002 102 009 102
102 004 102 002 102 005 102 001 102 004 102 001 102 003 102 002 102 004 102 004 104
102 005 102 002 107 003 106 002 102 004 102 002 106 005 104

